trackcomponent
0
0
0
0
0
0
0
0
0
0
0
0
0
0
0
0
0
0
0
0
0
0
1,1,0
0
0
0
0
0
0
0
1,1,1
0
0
0
0
0
0
1,0,2
1,1,3
1,1,4
0
0
0
0

switch
0
0
0
0

tunnelgate
0
0
0
0

cross
0
0
0
0

entrypoint
0
0

connections
1,2,53
2,1,3
3,2,45
4,57,5
5,4,6
6,5,10
7,46,53
8,53,9
9,8,12
10,6,15
11,46,53
12,9,17
13,58,14
14,13,19
15,10,50
16,46,20
17,12,55
18,19,56
19,18,14
20,16,21
21,20,54
22,56,51
23,24,31
24,23,25
25,24,54
26,55,32
27,56,33
28,29,34
29,28,30
30,29,36
31,23,38
32,26,47
33,27,48
34,28,35
35,34,42
36,30,43
37,52,44
38,31,39
39,38,40
40,39,47
41,48,42
42,41,35
43,36,44
44,43,37
45,3,57,58
46,7,16,11
47,40,48,32
48,47,41,33
49,54
50,15
51,22
52,37
53,1,11,7,8
54,21,55,49,25
55,54,56,17,26
56,55,22,18,27
57,4,45
58,13,45